95 -1 -1 -1 -1
1 406 269 463 324
2 406 269 463 324
3 406 269 463 324
4 406 269 463 324
5 406 269 463 324
6 406 269 463 324
7 406 269 463 324
8 231 467 272 491
9 45 639 91 683
10 -140 828 -90 857
11 -319 1003 -276 1044
12 -506 1189 -453 1219
13 -682 1364 -640 1404
14 -869 1548 -815 1579
15 460 403 511 455
16 465 397 516 449
17 471 391 520 443
18 476 387 528 438
19 480 382 534 433
20 483 379 532 428
21 486 375 535 425
22 489 370 542 422
23 491 367 540 417
24 493 364 542 414
25 495 361 543 411
26 497 360 543 409
27 500 358 545 406
28 501 356 547 403
29 502 354 548 402
30 504 352 550 401
31 505 351 551 400
32 506 350 552 398
33 508 349 555 397
34 511 349 557 396
35 512 347 562 396
36 513 347 561 395
37 515 347 564 395
38 517 348 566 396
39 519 348 568 396
40 522 349 570 397
41 524 349 573 399
42 528 351 579 401
43 530 352 582 402
44 532 353 582 403
45 534 354 585 405
46 537 355 592 408
47 541 357 594 410
48 543 358 601 411
49 545 358 601 411
50 547 359 607 413
51 550 359 610 414
52 552 360 608 415
53 554 361 614 417
54 555 362 615 419
55 556 364 614 420
56 557 364 614 422
57 556 365 615 422
58 556 366 616 424
59 555 366 615 425
60 553 368 615 428
61 553 369 615 429
62 550 369 614 432
63 547 370 613 434
64 546 373 612 437
65 544 374 610 440
66 542 375 609 444
67 540 378 608 448
68 537 380 608 452
69 535 383 607 455
70 533 384 608 459
71 531 385 605 461
72 527 388 603 464
73 525 388 600 465
74 520 389 597 466
75 516 388 592 467
76 512 385 584 468
77 508 383 574 465
78 497 379 567 460
79 489 305 570 455
80 491 300 573 448
81 495 327 578 441
82 505 343 587 432
83 504 269 589 430
84 504 264 588 420
85 512 233 605 417
86 513 234 614 412
87 516 247 620 411
88 521 267 621 407
89 524 316 622 405
90 529 320 620 447
91 559 325 613 409
92 559 297 635 403
93 576 283 639 382
94 582 265 653 364
95 595 245 659 347
