82 -1 -1 -1 -1
1 447 422 509 482
2 453 413 513 477
3 460 405 519 466
4 465 398 524 459
5 470 391 529 451
6 474 385 533 444
7 479 380 536 438
8 482 375 539 434
9 485 371 543 429
10 489 366 545 423
11 490 337 547 421
12 493 359 549 416
13 495 356 551 413
14 496 353 551 409
15 498 350 552 406
16 498 348 552 403
17 499 345 554 400
18 500 342 554 396
19 501 340 554 395
20 501 336 554 392
21 502 334 555 389
22 502 332 555 387
23 502 330 555 384
24 502 327 555 382
25 503 325 555 379
26 503 323 556 378
27 503 321 557 375
28 502 320 556 374
29 503 319 556 373
30 503 317 557 372
31 504 316 558 370
32 504 315 558 369
33 505 315 559 368
34 505 315 560 368
35 507 315 561 368
36 508 317 562 369
37 509 317 564 371
38 510 318 565 373
39 511 320 568 375
40 513 322 570 378
41 514 325 575 381
42 516 327 573 383
43 519 330 576 386
44 521 333 578 389
45 523 334 579 390
46 528 336 582 392
47 530 337 588 393
48 533 339 591 396
49 538 341 593 398
50 541 341 597 399
51 543 343 603 401
52 546 345 607 404
53 549 345 609 405
54 550 346 611 407
55 552 346 613 409
56 553 347 615 410
57 553 348 615 411
58 553 348 615 412
59 552 349 614 412
60 549 349 612 411
61 548 346 610 413
62 544 317 605 411
63 544 291 598 412
64 533 341 593 407
65 525 336 589 407
66 518 332 583 403
67 515 331 582 402
68 515 330 584 401
69 510 324 580 401
70 508 328 579 401
71 513 326 584 398
72 517 322 587 397
73 518 321 588 467
74 516 310 591 402
75 528 327 590 404
76 532 337 596 402
77 527 330 596 406
78 558 350 642 413
79 542 354 677 412
80 527 364 670 415
81 517 359 605 409
82 506 355 593 408
