176 -1 -1 -1 -1
1 302 492 363 547
2 302 492 363 547
3 302 492 363 547
4 271 507 382 544
5 337 505 385 545
6 342 503 392 545
7 349 495 397 542
8 355 489 400 538
9 358 485 405 531
10 363 482 412 543
11 367 491 419 542
12 374 490 422 550
13 376 497 429 549
14 379 474 426 526
15 383 474 430 523
16 387 471 432 518
17 389 469 434 515
18 393 464 438 510
19 395 461 441 508
20 397 458 443 505
21 400 455 445 501
22 402 453 446 499
23 403 449 447 496
24 405 448 449 493
25 408 446 451 491
26 409 441 452 489
27 410 440 454 486
28 411 437 455 484
29 413 435 456 482
30 414 433 457 480
31 415 431 459 478
32 416 431 459 476
33 417 428 461 475
34 415 425 462 473
35 418 423 462 471
36 419 421 462 470
37 419 420 463 468
38 421 416 463 466
39 422 417 464 464
40 421 416 464 462
41 422 414 465 461
42 423 413 466 460
43 424 413 467 459
44 424 412 468 458
45 424 412 469 458
46 424 411 469 457
47 425 410 470 457
48 425 409 471 455
49 426 408 472 455
50 426 407 473 454
51 428 406 473 457
52 427 408 475 456
53 418 405 475 498
54 412 404 478 513
55 411 431 443 505
56 404 432 450 520
57 398 402 482 535
58 397 439 451 524
59 388 399 487 540
60 412 397 489 517
61 433 399 478 448
62 434 399 478 447
63 433 398 480 448
64 434 399 480 448
65 435 399 480 448
66 436 399 483 448
67 436 399 483 449
68 436 398 485 449
69 436 399 486 450
70 436 399 486 451
71 437 399 487 450
72 438 398 487 449
73 438 397 487 447
74 439 399 488 451
75 439 400 489 451
76 439 398 491 452
77 439 398 492 453
78 439 398 492 453
79 440 399 493 453
80 441 399 493 453
81 442 396 495 453
82 442 394 496 454
83 442 397 497 453
84 443 398 498 453
85 443 398 499 453
86 444 398 501 454
87 445 396 502 454
88 446 396 502 454
89 447 395 504 454
90 448 395 506 454
91 449 394 507 454
92 449 394 508 455
93 450 393 510 454
94 452 392 511 454
95 453 392 513 455
96 454 391 515 455
97 456 392 517 455
98 455 391 519 455
99 458 391 522 456
100 460 391 524 456
101 462 390 526 456
102 464 390 529 456
103 467 391 532 457
104 469 391 535 457
105 471 391 537 457
106 475 387 542 457
107 478 385 545 457
108 481 386 548 456
109 484 385 552 456
110 487 384 556 455
111 490 382 560 454
112 494 381 563 454
113 498 381 567 454
114 500 379 570 453
115 503 379 574 453
116 505 377 577 451
117 509 374 580 450
118 510 373 584 449
119 512 345 586 449
120 515 342 589 450
121 516 346 592 449
122 517 367 594 446
123 519 366 596 447
124 520 364 598 445
125 521 361 601 444
126 521 359 603 446
127 523 358 604 449
128 522 356 605 448
129 523 353 607 440
130 524 351 608 439
131 524 349 609 436
132 524 344 609 435
133 523 338 610 432
134 522 338 610 429
135 522 283 612 428
136 521 233 611 427
137 522 332 612 424
138 521 293 612 423
139 521 327 612 422
140 520 325 612 419
141 519 320 612 417
142 517 315 612 414
143 516 292 611 412
144 514 303 610 409
145 512 304 609 405
146 509 287 608 402
147 507 291 605 401
148 505 280 603 397
149 507 283 605 394
150 511 279 611 390
151 514 279 616 388
152 516 271 618 387
153 516 271 619 385
154 515 272 620 384
155 515 269 622 380
156 516 267 624 378
157 523 267 632 376
158 525 264 634 377
159 528 262 639 375
160 532 258 642 372
161 534 256 645 371
162 539 253 649 368
163 541 248 653 366
164 542 242 654 365
165 545 248 654 361
166 550 247 657 359
167 553 246 664 353
168 555 241 664 348
169 559 241 665 353
170 561 251 661 349
171 564 257 658 354
172 570 248 655 353
173 571 261 655 353
174 588 266 701 363
175 576 279 695 364
176 565 255 744 366
