158 -1 -1 -1 -1
1 337 432 378 469
2 342 431 381 471
3 347 430 385 468
4 352 428 392 465
5 356 427 397 467
6 360 429 401 468
7 365 426 405 477
8 370 430 410 469
9 373 429 415 472
10 377 418 418 471
11 377 419 422 468
12 385 421 424 466
13 389 422 428 464
14 392 420 431 462
15 394 420 435 460
16 399 418 438 458
17 403 416 441 456
18 405 416 443 454
19 409 413 447 453
20 411 412 449 452
21 415 412 452 451
22 418 409 455 451
23 420 408 458 448
24 422 407 460 448
25 424 405 463 446
26 427 405 465 446
27 429 404 467 444
28 432 403 470 443
29 434 403 472 443
30 437 402 474 442
31 422 402 478 453
32 440 400 478 440
33 442 400 479 440
34 444 400 481 439
35 446 399 482 438
36 448 399 484 438
37 450 399 486 438
38 452 399 488 438
39 454 399 490 438
40 456 399 492 438
41 458 399 494 438
42 460 399 496 438
43 462 399 498 438
44 464 399 500 438
45 0 456 55 567
46 0 460 58 712
47 0 471 55 714
48 0 481 52 710
49 0 503 31 712
50 -17 518 27 720
51 -22 516 11 744
52 -37 543 5 738
53 -43 534 -9 767
54 -56 563 -15 757
55 -62 552 -27 786
56 422 1 921 219
57 417 1 921 214
58 413 1 921 213
59 407 0 918 216
60 403 0 922 215
61 406 -1 918 215
62 391 1 923 218
63 390 1 920 212
64 387 1 919 213
65 379 1 919 211
66 134 0 917 301
67 116 1 912 303
68 108 2 913 305
69 106 1 915 304
70 68 0 910 310
71 77 1 912 310
72 68 1 915 316
73 53 1 916 321
74 56 0 924 315
75 56 0 922 320
76 46 1 920 321
77 32 1 921 327
78 20 1 922 329
79 13 1 921 329
80 6 1 922 332
81 2 1 915 334
82 1 1 925 336
83 1 1 927 336
84 1 2 921 340
85 1 3 918 342
86 0 3 449 347
87 3 2 918 350
88 1 2 920 349
89 2 3 912 347
90 3 3 914 365
91 0 3 917 371
92 2 0 916 706
93 2 0 918 707
94 8 1 1280 709
95 17 3 1279 711
96 8 0 1280 708
97 17 3 1277 710
98 20 1 1276 711
99 18 1 1273 711
100 21 1 1274 710
101 9 0 1275 708
102 19 3 1277 712
103 1 1 917 407
104 1 2 915 408
105 1 2 917 410
106 2 2 918 413
107 1 2 916 418
108 2 2 921 417
109 2 1 919 420
110 2 2 926 431
111 1 2 925 437
112 1 3 924 432
113 1 1 914 708
114 1 4 919 434
115 2 0 915 702
116 10 336 816 708
117 519 379 822 711
118 566 383 827 711
119 490 386 831 711
120 482 384 835 710
121 577 396 840 711
122 582 399 846 712
123 588 400 850 714
124 589 405 856 713
125 591 411 859 712
126 593 414 863 712
127 606 420 870 714
128 611 424 875 713
129 620 509 854 717
130 611 526 850 788
131 631 517 865 717
132 632 505 875 717
133 643 531 876 717
134 648 535 882 738
135 657 543 890 717
136 669 525 894 721
137 668 557 904 718
138 681 557 899 746
139 673 583 914 747
140 689 584 904 772
141 678 608 920 773
142 694 609 908 796
143 681 631 924 797
144 628 276 686 454
145 633 275 690 455
146 637 275 695 459
147 642 275 699 461
148 645 273 705 464
149 650 270 710 465
150 655 272 716 465
151 659 267 720 466
152 662 260 725 465
153 666 324 726 463
154 667 300 731 463
155 670 322 733 461
156 672 330 734 461
157 672 321 738 469
158 673 262 740 464
