81 -1 -1 -1 -1
1 389 412 432 456
2 396 409 440 450
3 407 399 450 445
4 417 393 460 438
5 426 389 467 432
6 434 382 474 423
7 441 376 482 418
8 449 371 488 412
9 455 366 494 406
10 461 360 500 400
11 466 356 503 394
12 470 352 507 390
13 474 347 511 385
14 477 342 513 380
15 481 339 517 377
16 484 336 520 373
17 488 332 524 370
18 489 329 527 365
19 491 326 529 364
20 495 324 531 362
21 496 323 533 361
22 498 321 535 358
23 500 321 536 358
24 504 320 539 357
25 504 320 539 357
26 505 319 542 356
27 507 319 543 356
28 507 318 544 356
29 509 319 543 355
30 509 318 545 355
31 510 318 547 354
32 512 317 547 353
33 510 317 547 353
34 511 315 548 352
35 511 314 549 351
36 511 313 550 350
37 514 312 550 349
38 514 309 553 348
39 516 308 555 347
40 518 307 557 346
41 520 305 558 344
42 521 304 561 343
43 523 304 564 342
44 524 303 567 341
45 526 300 567 339
46 530 297 569 338
47 531 295 574 336
48 531 287 575 334
49 533 286 575 333
50 534 287 579 331
51 536 286 579 330
52 535 285 580 329
53 537 282 582 328
54 536 281 581 327
55 535 280 580 326
56 534 276 580 324
57 533 275 579 321
58 531 273 577 320
59 529 270 577 320
60 527 267 576 320
61 524 268 572 320
62 520 268 571 320
63 516 267 564 321
64 511 267 564 321
65 507 267 559 322
66 502 268 557 324
67 497 268 552 326
68 501 272 549 326
69 494 270 547 330
70 493 253 552 335
71 504 227 555 337
72 501 232 556 339
73 503 285 563 339
74 521 295 569 350
75 517 293 573 353
76 519 294 570 352
77 516 293 571 352
78 516 292 568 351
79 513 291 567 349
80 511 288 564 348
81 507 286 562 345
