191 -1 -1 -1 -1
1 265 261 322 316
2 265 264 320 351
3 259 295 323 357
4 258 303 322 356
5 250 314 322 430
6 257 322 322 405
7 261 327 319 418
8 261 368 321 448
9 258 380 325 463
10 264 404 325 480
11 269 427 327 495
12 273 431 334 502
13 280 459 341 515
14 288 473 346 541
15 299 472 354 536
16 306 492 361 543
17 314 500 366 561
18 318 517 374 569
19 339 500 383 547
20 339 494 390 547
21 269 480 396 546
22 232 414 374 536
23 222 407 382 538
24 219 438 388 540
25 212 388 396 545
26 215 298 403 548
27 74 284 397 606
28 82 284 396 593
29 56 284 393 615
30 50 274 394 615
31 45 240 393 619
32 41 238 389 621
33 36 230 391 625
34 30 236 390 631
35 26 236 390 634
36 22 239 391 639
37 17 246 391 644
38 12 250 396 647
39 8 270 398 648
40 7 267 400 655
41 0 278 405 658
42 1 290 406 659
43 1 291 406 667
44 1 289 403 670
45 1 291 396 684
46 1 291 385 667
47 0 293 344 672
48 0 292 343 679
49 0 290 332 684
50 0 294 322 690
51 0 295 318 695
52 0 297 309 701
53 0 296 293 705
54 0 298 286 710
55 0 299 282 712
56 0 300 277 714
57 0 302 272 715
58 0 304 266 714
59 0 306 261 712
60 0 307 255 713
61 0 310 250 713
62 0 313 244 708
63 0 314 238 714
64 0 316 231 713
65 0 319 225 712
66 0 320 218 712
67 0 323 212 712
68 0 323 205 713
69 0 325 197 712
70 0 327 189 712
71 0 331 183 587
72 0 331 175 710
73 0 335 166 710
74 0 336 158 600
75 0 338 150 600
76 0 341 141 602
77 0 344 132 602
78 0 348 123 600
79 0 350 114 603
80 0 352 105 599
81 0 352 95 597
82 0 357 86 595
83 0 358 75 598
84 0 362 65 604
85 0 363 54 598
86 0 363 43 588
87 0 371 33 708
88 0 380 23 581
89 -7 279 20 563
90 -11 245 14 477
91 -16 167 9 434
92 -21 119 4 360
93 -25 48 -1 308
94 -30 -5 -4 238
95 436 382 485 431
96 436 382 484 432
97 435 383 484 433
98 434 383 483 434
99 434 385 483 435
100 433 384 483 436
101 431 385 482 438
102 430 386 483 439
103 431 388 483 440
104 431 389 483 442
105 431 391 483 443
106 431 391 483 445
107 432 393 484 446
108 433 394 484 447
109 432 395 486 449
110 434 396 487 451
111 435 397 489 453
112 436 400 491 455
113 437 400 493 455
114 440 400 493 456
115 441 401 495 457
116 440 402 498 460
117 442 403 500 461
118 445 405 502 462
119 446 406 505 464
120 449 408 508 467
121 451 407 510 468
122 453 409 513 469
123 455 411 516 470
124 457 411 520 473
125 459 412 522 475
126 461 412 525 478
127 463 414 527 478
128 465 415 530 481
129 468 415 533 482
130 469 416 536 484
131 473 416 540 484
132 475 416 542 486
133 477 416 543 487
134 479 416 546 487
135 480 416 549 488
136 483 416 552 489
137 484 415 556 489
138 485 415 559 489
139 487 414 561 488
140 489 413 563 488
141 491 412 567 488
142 493 410 569 487
143 495 408 571 487
144 496 405 574 486
145 497 402 577 485
146 498 399 579 484
147 499 397 581 482
148 500 394 584 480
149 501 392 586 478
150 502 388 587 480
151 503 382 589 471
152 503 379 592 468
153 503 375 593 465
154 504 372 594 462
155 504 368 594 461
156 504 364 595 460
157 504 360 596 456
158 503 355 596 451
159 501 350 595 449
160 500 344 595 444
161 498 338 595 437
162 496 334 594 433
163 495 327 594 429
164 494 320 592 427
165 494 315 593 421
166 496 309 596 417
167 503 307 604 414
168 506 301 608 409
169 509 298 600 408
170 510 295 620 405
171 515 207 625 404
172 530 204 626 402
173 529 279 629 400
174 527 283 638 397
175 530 275 642 394
176 531 271 648 391
177 538 270 649 387
178 537 267 654 383
179 539 266 657 380
180 554 259 662 377
181 554 259 664 372
182 554 255 661 360
183 552 244 659 354
184 549 237 657 343
185 568 260 671 364
186 582 281 689 386
187 568 283 675 375
188 555 273 659 375
189 572 284 670 376
190 589 313 659 375
191 584 318 669 397
