186 -1 -1 -1 -1
1 455 423 512 475
2 454 417 506 467
3 449 408 501 461
4 444 395 495 448
5 437 357 495 440
6 435 353 493 430
7 432 338 492 417
8 431 331 492 399
9 431 305 491 385
10 402 261 501 399
11 402 226 562 581
12 401 226 562 580
13 400 227 561 578
14 399 226 560 577
15 398 227 560 576
16 397 225 557 573
17 396 211 557 564
18 395 203 556 559
19 394 198 556 555
20 393 192 554 550
21 392 183 553 548
22 391 176 552 546
23 390 175 552 546
24 389 175 551 546
25 388 183 550 547
26 388 187 550 546
27 387 198 550 546
28 387 196 549 546
29 387 167 549 542
30 386 167 549 540
31 386 166 548 538
32 386 169 548 534
33 386 174 547 530
34 386 180 546 529
35 386 189 545 530
36 386 198 544 531
37 386 213 543 531
38 387 257 544 532
39 387 232 543 532
40 388 235 544 532
41 389 250 544 532
42 389 259 545 530
43 391 266 547 530
44 391 271 548 530
45 391 272 548 529
46 393 272 549 531
47 395 272 549 532
48 395 271 549 533
49 395 272 549 534
50 395 272 547 534
51 395 272 546 534
52 393 271 545 535
53 377 268 544 535
54 375 269 542 535
55 369 263 541 537
56 359 261 541 522
57 349 256 538 500
58 328 254 537 517
59 314 254 534 521
60 305 255 530 517
61 296 254 529 512
62 289 255 528 503
63 283 254 526 496
64 279 246 527 491
65 287 239 525 492
66 298 153 609 493
67 297 235 517 495
68 292 146 607 497
69 286 219 514 500
70 286 219 519 502
71 289 211 517 504
72 288 205 520 506
73 289 215 521 509
74 286 217 523 511
75 283 216 517 513
76 273 201 518 517
77 271 203 517 518
78 264 202 516 521
79 263 198 518 524
80 256 200 515 526
81 251 198 515 529
82 249 197 515 533
83 249 201 517 537
84 246 205 516 541
85 245 214 516 545
86 239 220 513 550
87 235 222 512 555
88 231 223 513 562
89 230 225 509 564
90 224 225 504 571
91 234 227 504 567
92 235 229 498 570
93 211 230 480 583
94 207 231 479 589
95 200 233 484 595
96 196 235 483 599
97 190 237 476 604
98 183 238 475 608
99 180 239 470 613
100 174 241 465 617
101 167 243 462 622
102 162 244 450 627
103 154 245 446 631
104 142 247 440 636
105 142 249 432 643
106 138 251 424 647
107 131 252 417 652
108 124 255 413 659
109 115 256 411 664
110 112 258 407 671
111 108 260 403 678
112 102 262 401 683
113 97 265 398 691
114 91 267 395 696
115 85 268 391 702
116 80 270 387 709
117 75 271 383 713
118 69 273 382 716
119 76 275 377 710
120 58 277 372 713
121 52 280 369 716
122 48 281 364 716
123 29 281 361 716
124 48 285 355 716
125 60 287 351 716
126 62 289 347 716
127 59 291 343 717
128 54 293 338 716
129 63 296 334 715
130 60 298 329 714
131 65 300 324 715
132 65 301 317 716
133 72 303 313 712
134 70 305 308 714
135 63 307 304 710
136 57 309 298 714
137 48 311 293 715
138 40 313 288 714
139 32 316 283 715
140 24 320 277 716
141 15 323 270 716
142 7 325 265 715
143 0 326 260 716
144 0 329 254 715
145 0 328 252 714
146 0 332 246 714
147 0 335 241 715
148 0 335 236 715
149 1 338 229 714
150 0 341 222 716
151 0 344 218 716
152 0 347 215 715
153 0 349 207 714
154 0 353 199 712
155 0 356 196 714
156 0 358 191 712
157 0 363 187 713
158 0 365 179 713
159 0 367 174 713
160 0 370 170 713
161 0 372 167 712
162 0 374 157 713
163 0 376 153 713
164 0 378 151 712
165 0 382 143 713
166 0 383 143 716
167 0 385 131 714
168 0 387 128 715
169 0 389 123 714
170 0 391 119 712
171 0 393 116 712
172 0 394 111 713
173 0 399 104 715
174 0 400 95 713
175 0 408 89 715
176 0 416 83 716
177 0 422 78 714
178 0 426 73 713
179 0 432 64 718
180 0 432 62 713
181 0 448 57 713
182 0 452 52 713
183 0 463 48 713
184 0 455 62 710
185 0 479 73 702
186 0 482 71 700
