126 -1 -1 -1 -1
1 622 492 683 552
2 628 480 685 537
3 630 464 688 530
4 633 470 687 523
5 640 459 693 511
6 643 454 695 506
7 645 449 697 501
8 648 442 699 494
9 650 437 703 489
10 655 433 703 484
11 656 430 707 479
12 659 426 709 475
13 662 421 710 469
14 664 417 713 465
15 667 413 715 461
16 670 408 718 456
17 673 402 719 452
18 675 398 721 447
19 677 398 723 442
20 679 393 723 438
21 679 389 725 435
22 681 386 731 431
23 682 381 727 427
24 686 377 734 423
25 689 373 734 420
26 693 368 735 412
27 694 365 737 409
28 695 362 739 405
29 698 359 740 402
30 699 356 742 400
31 702 353 743 396
32 705 349 745 393
33 706 349 746 389
34 707 347 747 387
35 709 343 749 384
36 710 341 750 382
37 712 338 751 378
38 714 334 753 375
39 715 336 757 373
40 711 328 758 371
41 719 327 759 368
42 720 323 760 366
43 721 321 761 363
44 722 319 762 357
45 726 313 763 355
46 727 312 764 352
47 728 309 766 350
48 732 307 768 345
49 734 304 769 342
50 734 303 770 340
51 735 301 771 338
52 740 296 773 334
53 741 294 774 331
54 744 290 777 326
55 744 289 778 324
56 745 286 780 322
57 747 282 787 319
58 749 276 787 316
59 753 274 787 312
60 755 272 787 309
61 754 274 789 305
62 755 270 794 304
63 758 265 795 299
64 761 264 794 297
65 763 261 794 293
66 764 258 796 292
67 767 256 796 289
68 767 255 799 287
69 769 249 802 284
70 770 244 800 282
71 768 242 800 276
72 772 243 803 276
73 775 243 806 276
74 778 243 809 276
75 781 243 812 276
76 784 243 815 276
77 787 243 818 276
78 790 243 821 276
79 357 77 428 115
80 356 76 427 115
81 356 76 426 115
82 355 76 425 114
83 354 75 423 113
84 352 74 421 111
85 352 77 423 112
86 352 76 422 112
87 348 74 509 117
88 422 72 517 121
89 436 77 584 117
90 499 71 601 123
91 517 77 662 116
92 577 69 680 122
93 595 75 739 113
94 342 70 511 115
95 337 70 514 119
96 337 73 511 119
97 335 73 509 121
98 332 74 507 121
99 330 74 503 121
100 326 74 500 120
101 339 71 414 111
102 338 71 413 111
103 337 70 412 111
104 337 70 411 111
105 336 70 411 111
106 335 70 411 111
107 334 69 418 111
108 334 69 410 110
109 333 68 410 110
110 332 68 409 110
111 331 68 408 110
112 330 68 407 109
113 329 67 408 109
114 329 67 409 109
115 328 67 420 108
116 327 66 418 108
117 325 66 477 109
118 324 66 469 109
119 324 65 490 109
120 323 64 494 109
121 322 64 494 110
122 320 63 495 111
123 319 63 494 110
124 318 62 492 109
125 319 63 494 110
126 320 63 487 109
