216 -1 -1 -1 -1
0 467 414 508 463
1 463 424 505 467
2 464 435 506 479
3 469 447 510 495
4 467 451 510 504
5 471 462 515 509
6 472 469 515 514
7 470 467 520 517
8 470 471 520 521
9 475 469 523 518
10 481 471 529 514
11 485 471 533 514
12 487 467 535 510
13 491 463 536 510
14 494 463 536 505
15 496 459 541 505
16 501 457 542 502
17 502 457 545 499
18 502 455 547 498
19 502 453 547 496
20 505 451 550 494
21 509 450 551 493
22 511 448 553 493
23 512 446 554 491
24 513 445 555 489
25 517 443 558 488
26 515 441 560 488
27 516 442 558 486
28 518 441 560 485
29 519 438 561 482
30 521 439 563 483
31 521 438 563 482
32 521 436 563 480
33 522 435 564 479
34 523 430 565 474
35 524 430 566 474
36 523 431 565 475
37 525 430 566 468
38 525 427 568 472
39 524 427 567 472
40 526 424 569 469
41 526 426 569 471
42 526 424 569 469
43 526 422 569 467
44 527 421 570 466
45 525 422 568 464
46 525 423 568 465
47 527 420 570 462
48 522 420 565 462
49 527 421 570 463
50 526 421 569 463
51 526 421 569 463
52 526 418 569 460
53 526 419 569 461
54 527 417 570 459
55 525 420 568 462
56 525 418 568 460
57 525 418 568 460
58 524 420 567 462
59 527 418 570 460
60 522 418 565 460
61 524 417 567 459
62 524 417 567 459
63 523 415 566 457
64 521 416 564 458
65 521 417 564 459
66 521 415 564 457
67 520 416 563 458
68 519 414 562 456
69 518 413 561 455
70 517 413 560 455
71 517 412 560 454
72 517 414 560 456
73 517 416 560 458
74 517 413 560 455
75 516 414 559 456
76 518 416 561 458
77 516 415 559 457
78 518 417 561 459
79 520 415 563 457
80 519 415 562 457
81 517 413 564 459
82 517 415 564 461
83 520 414 567 460
84 518 415 568 462
85 521 413 566 460
86 521 415 566 462
87 524 416 570 459
88 522 415 568 458
89 524 416 570 459
90 523 415 569 458
91 526 415 572 458
92 525 416 571 459
93 527 414 573 457
94 529 413 575 456
95 530 412 576 455
96 530 412 576 455
97 531 411 577 454
98 533 409 579 452
99 532 408 582 454
100 530 411 580 457
101 533 406 583 457
102 533 401 583 452
103 531 404 586 456
104 536 402 584 453
105 534 400 587 447
106 537 402 589 453
107 534 400 586 451
108 540 398 587 451
109 538 404 591 449
110 536 402 592 453
111 536 400 592 451
112 542 398 590 451
113 540 402 594 449
114 538 400 595 458
115 538 399 595 457
116 540 403 596 455
117 540 403 596 455
118 538 405 594 457
119 542 403 592 457
120 541 406 596 459
121 541 405 596 458
122 541 404 596 457
123 539 405 595 455
124 536 407 592 457
125 536 406 592 456
126 540 406 596 456
127 540 408 596 458
128 537 407 593 457
129 539 408 595 458
130 539 407 595 457
131 537 405 592 462
132 535 405 590 460
133 535 406 590 461
134 535 404 590 459
135 535 406 590 461
136 530 399 585 454
137 531 405 586 460
138 532 402 587 457
139 530 402 585 457
140 532 400 587 455
141 528 398 583 453
142 526 399 581 454
143 529 396 584 451
144 529 398 584 453
145 524 394 579 449
146 525 394 580 449
147 524 390 579 445
148 524 391 579 446
149 518 389 573 444
150 519 388 574 443
151 516 387 571 442
152 518 385 573 440
153 520 386 575 441
154 522 380 577 435
155 523 379 578 434
156 525 379 580 434
157 523 378 588 434
158 525 379 590 435
159 525 377 590 433
160 527 376 592 432
161 534 375 599 431
162 539 373 604 429
163 539 371 604 427
164 541 369 606 425
165 545 368 610 424
166 550 363 615 419
167 555 363 620 419
168 561 359 626 415
169 559 360 629 423
170 563 358 633 421
171 571 352 641 415
172 574 354 644 417
173 581 354 641 419
174 584 355 644 420
175 582 358 642 423
176 584 359 644 424
177 583 358 643 423
178 578 351 638 416
179 573 354 633 419
180 570 346 630 411
181 578 350 638 415
182 580 349 640 414
183 579 349 639 414
184 574 346 634 411
185 569 344 630 402
186 557 332 618 390
187 560 332 621 390
188 568 330 629 388
189 570 328 631 386
190 568 334 629 392
191 566 334 627 392
192 567 340 628 398
193 567 338 628 396
194 565 336 615 381
195 566 338 616 383
