176 -1 -1 -1 -1
0 486 306 530 353
1 486 291 530 338
2 488 280 532 327
3 488 265 532 312
4 490 249 534 296
5 492 237 537 286
6 494 224 539 273
7 496 212 541 261
8 497 200 542 249
9 499 194 544 243
10 497 185 542 234
11 506 177 544 224
12 503 172 552 219
13 505 168 551 213
14 507 163 553 208
15 511 162 557 207
16 509 161 555 206
17 509 162 555 207
18 510 164 556 210
19 508 167 554 208
20 509 175 555 216
21 508 180 554 221
22 507 185 550 233
23 506 193 549 241
24 504 202 542 248
25 503 211 541 257
26 501 227 539 273
27 496 242 534 288
28 494 256 532 302
29 492 273 530 319
30 493 288 531 334
31 491 303 529 349
32 494 321 532 367
33 496 333 534 379
34 499 346 537 392
35 505 356 543 402
36 512 366 550 412
37 520 374 563 413
38 524 375 567 414
39 536 376 579 415
40 540 370 583 409
41 552 366 595 405
42 557 362 600 401
43 563 357 606 396
44 575 353 618 392
45 577 345 620 384
46 583 343 626 382
47 588 338 631 377
48 598 335 636 369
49 601 330 639 364
50 602 327 640 361
51 612 321 650 355
52 620 319 658 353
53 622 317 660 351
54 628 313 666 347
55 635 309 673 343
56 638 307 676 341
57 644 303 682 337
58 644 300 682 334
59 646 295 684 329
60 656 289 694 323
61 660 287 698 321
62 667 285 696 317
63 669 283 698 315
64 673 281 702 313
65 677 275 706 307
66 683 272 712 304
67 686 271 715 303
68 690 269 719 301
69 692 263 721 295
70 693 262 722 294
71 698 261 727 293
72 704 258 733 290
73 706 257 735 289
74 710 256 739 288
75 712 253 741 285
76 715 251 744 283
77 718 247 747 279
78 721 245 750 277
79 723 243 752 275
80 724 239 753 271
81 726 237 755 269
82 727 237 756 269
83 729 234 758 266
84 737 235 764 260
85 743 234 768 257
86 744 234 769 257
87 746 233 771 256
88 747 229 772 252
89 756 226 776 250
90 754 224 782 248
91 756 224 784 248
92 763 221 785 245
93 764 219 786 243
94 769 221 795 241
95 773 220 797 239
96 774 218 798 237
97 775 216 799 235
98 784 214 800 232
99 782 210 808 233
100 788 206 814 229
101 794 209 809 229
102 792 207 815 225
103 790 205 815 226
104 800 205 827 222
105 802 201 829 218
106 807 199 827 219
107 813 200 833 220
108 815 198 831 218
109 816 194 834 212
110 820 191 836 212
111 821 189 843 211
112 828 187 850 209
113 828 187 848 207
114 831 189 846 205
115 829 187 849 205
116 840 181 856 199
117 842 178 854 197
118 840 176 855 192
119 838 177 849 190
120 850 172 871 191
121 854 170 871 186
122 852 168 864 184
123 862 166 877 182
124 863 166 878 182
125 861 166 875 180
126 873 162 889 178
127 871 161 884 176
128 879 155 892 171
129 877 153 894 167
130 875 151 892 168
131 873 149 891 168
132 889 149 900 166
133 887 147 903 162
134 896 153 901 160
135 906 146 912 156
136 909 146 910 154
137 908 143 915 152
138 906 137 921 150
139 913 140 921 148
140 911 133 930 146
141 917 131 935 144
142 918 128 932 143
143 941 126 942 134
144 940 129 947 132
145 938 122 949 130
146 946 128 954 132
147 944 126 956 134
148 949 124 962 132
149 957 122 965 131
150 955 120 969 133
151 967 118 981 129
152 965 126 982 137
153 963 124 979 138
154 977 122 987 139
155 993 127 993 136
156 991 125 1001 135
157 989 123 999 133
158 987 121 998 130
159 1004 119 1015 132
160 1002 117 1018 129
161 1000 115 1015 131
162 1013 119 1029 129
163 1011 112 1027 127
164 1028 110 1040 124
165 1026 108 1042 122
166 1034 106 1042 118
167 1048 118 1050 124
168 1048 115 1065 129
169 1054 114 1063 127
170 1052 112 1069 128
171 1067 110 1077 123
172 1070 105 1087 123
173 1079 108 1090 120
174 1077 100 1096 118
175 1091 106 1103 118
