121 -1 -1 -1 -1
0 351 508 406 565
1 361 516 416 573
2 370 510 425 567
3 373 503 428 560
4 383 502 439 556
5 390 493 446 547
6 397 489 453 543
7 401 482 457 536
8 408 473 464 527
9 415 463 471 517
10 419 459 475 509
11 428 455 484 505
12 436 450 492 500
13 436 444 492 494
14 448 442 497 486
15 451 439 500 483
16 458 431 507 475
17 464 425 513 469
18 468 423 517 467
19 472 417 521 461
20 475 412 524 456
21 482 408 531 452
22 486 404 535 448
23 491 399 540 443
24 494 396 543 440
25 498 392 547 436
26 503 388 552 432
27 507 384 556 428
28 511 381 558 429
29 516 380 563 428
30 520 372 566 419
31 525 371 571 418
32 529 368 575 415
33 530 365 576 412
34 533 362 583 406
35 536 357 586 401
36 540 353 588 398
37 545 347 593 392
38 550 345 598 390
39 552 343 600 388
40 559 341 607 386
41 566 338 614 383
42 567 334 615 379
43 571 332 619 377
44 577 330 625 375
45 580 329 628 374
46 586 327 634 372
47 592 326 640 371
48 596 324 644 369
49 600 323 648 368
50 605 322 653 367
51 608 318 656 363
52 612 317 660 362
53 617 313 665 358
54 616 310 668 362
55 619 308 671 360
56 618 304 670 356
57 618 300 670 352
58 619 296 673 346
59 620 296 674 346
60 618 295 672 345
61 616 292 670 342
62 615 291 669 341
63 617 291 671 341
64 609 289 669 345
65 610 287 670 343
66 602 284 662 340
67 600 282 660 338
68 600 283 660 339
69 596 280 656 336
70 587 279 654 339
71 582 277 649 337
72 579 271 646 331
73 572 269 639 329
74 569 262 634 330
75 567 260 641 329
76 566 254 640 323
77 564 256 638 325
78 563 254 637 323
79 570 252 644 321
80 573 252 647 321
81 571 250 654 324
82 573 250 656 324
83 578 248 661 322
84 583 254 666 328
85 587 257 670 331
86 590 264 673 338
87 594 272 677 346
88 596 281 679 355
89 594 291 670 340
90 596 289 672 338
91 597 295 673 344
92 588 295 664 344
93 586 300 665 342
94 583 305 662 347
95 581 305 660 347
96 574 308 653 350
97 567 309 646 351
98 564 314 643 356
99 558 318 637 360
100 550 321 629 363
101 547 322 627 362
102 543 328 623 368
103 535 330 615 370
104 530 328 618 371
105 529 329 617 372
106 522 327 610 370
107 521 328 609 371
108 514 328 602 371
109 508 329 596 372
110 505 331 593 374
111 496 333 584 376
112 487 353 573 375
