222 -1 -1 -1 -1
0 206 534 277 601
1 213 531 284 598
2 213 558 284 625
3 215 575 286 642
4 218 593 289 660
5 223 607 294 674
6 225 615 296 682
7 230 619 301 686
8 241 620 312 687
9 240 624 311 691
10 252 617 323 684
11 251 610 322 677
12 267 606 338 673
13 280 604 341 667
14 289 598 350 661
15 300 588 361 651
16 306 572 367 635
17 311 561 375 619
18 315 548 379 606
19 323 538 386 592
20 322 530 385 592
21 329 525 392 587
22 335 517 398 579
23 341 511 403 566
24 345 498 407 553
25 353 488 414 543
26 355 479 416 534
27 364 469 425 524
28 365 459 426 514
29 374 450 430 506
30 380 441 436 497
31 382 430 438 486
32 386 423 442 479
33 393 418 445 468
34 399 409 451 459
35 402 402 454 452
36 403 402 455 452
37 406 394 458 444
38 409 385 461 435
39 412 379 464 429
40 416 372 468 422
41 419 364 471 414
42 424 359 478 404
43 428 351 482 396
44 431 345 485 390
45 435 337 482 385
46 437 331 484 379
47 443 326 487 371
48 448 319 492 364
49 448 315 492 360
50 453 307 497 352
51 456 306 499 346
52 460 301 503 341
53 459 297 502 337
54 465 289 508 329
55 463 281 506 321
56 467 277 510 317
57 470 273 513 313
58 475 266 516 308
59 476 262 517 304
60 477 256 518 298
61 480 253 521 295
62 484 249 525 291
63 484 243 525 285
64 488 240 525 281
65 492 234 529 275
66 492 233 533 275
67 493 227 534 269
68 493 221 534 263
69 498 220 537 259
70 499 217 538 256
71 502 211 539 248
72 504 208 541 245
73 505 203 542 240
74 507 200 544 237
75 510 197 547 234
76 511 193 548 230
77 513 188 550 225
78 514 185 551 222
79 518 181 555 218
80 516 180 553 217
81 518 175 554 213
82 522 172 556 210
83 520 170 558 204
84 525 168 556 202
85 523 166 561 198
86 524 161 563 193
87 528 159 561 189
88 529 156 562 186
89 531 154 564 184
90 532 151 565 181
91 534 148 567 178
92 536 146 569 176
93 537 143 570 173
94 537 140 570 170
95 537 138 570 168
96 537 134 570 164
97 539 131 572 161
98 540 129 573 159
99 541 127 574 157
100 542 124 575 154
101 541 122 574 152
102 544 118 577 148
103 544 116 577 146
104 548 113 581 143
105 546 112 579 142
106 548 110 581 140
107 547 110 580 140
108 547 107 580 137
109 547 104 580 134
110 549 102 582 132
111 549 100 582 130
112 550 98 580 134
113 551 96 581 132
114 549 97 581 128
115 554 95 579 126
116 552 93 581 123
117 551 94 580 124
118 552 92 581 122
119 551 92 580 122
120 552 87 581 116
121 551 88 580 117
122 550 85 579 114
123 552 86 581 115
124 553 81 582 110
125 551 82 580 111
126 554 80 578 110
127 552 78 580 110
128 550 81 582 106
129 549 78 581 103
130 549 76 581 101
131 547 76 579 101
132 545 76 577 101
133 547 74 579 99
134 547 75 579 100
135 549 72 578 97
136 550 68 579 93
137 547 69 576 94
138 546 67 575 92
139 548 66 576 93
140 550 65 578 92
141 548 61 576 88
142 549 63 577 90
143 547 59 575 86
144 545 62 573 89
145 551 60 579 87
146 549 62 577 89
147 549 57 577 84
148 547 56 570 80
149 545 58 570 78
150 545 59 570 79
151 544 55 569 75
152 544 57 569 77
153 545 52 570 72
154 542 53 567 73
155 539 54 564 74
156 544 53 563 73
157 542 51 570 74
158 541 51 569 74
159 542 49 570 72
160 542 53 570 76
161 545 49 573 72
162 545 48 573 71
163 543 49 571 72
164 541 48 569 71
165 542 46 570 69
166 540 46 573 71
167 538 48 571 73
168 540 46 573 71
169 540 44 573 69
170 540 44 573 69
171 539 47 572 72
172 540 46 573 71
173 538 46 571 71
174 539 48 572 73
175 537 45 570 70
176 537 43 570 68
177 537 41 570 66
178 535 40 568 65
179 540 42 571 63
