178 -1 -1 -1 -1
0 418 420 451 458
1 418 421 451 459
2 425 423 458 461
3 428 424 461 462
4 430 421 463 459
5 432 417 465 455
6 435 414 468 452
7 433 412 473 456
8 434 410 474 454
9 438 411 475 451
10 441 411 478 451
11 441 407 478 447
12 444 410 481 450
13 446 410 483 450
14 444 407 483 446
15 447 404 486 443
16 448 404 487 443
17 451 403 490 442
18 448 407 487 446
19 451 408 490 447
20 450 405 489 444
21 455 403 487 438
22 454 401 494 439
23 452 401 490 437
24 456 399 494 435
25 457 397 497 436
26 457 400 497 439
27 459 398 499 437
28 461 395 501 434
29 461 393 501 432
30 464 394 501 430
31 467 392 504 428
32 467 396 504 432
33 470 391 507 427
34 471 389 508 425
35 471 390 508 426
36 472 389 509 425
37 477 388 514 424
38 472 386 509 422
39 476 385 513 421
40 481 385 518 421
41 478 383 515 419
42 478 384 515 420
43 479 380 516 416
44 483 382 520 418
45 481 379 518 415
46 483 376 520 412
47 484 380 521 416
48 485 378 522 414
49 484 375 521 411
50 488 375 525 411
51 487 377 524 413
52 487 373 524 409
53 488 374 525 410
54 487 375 524 411
55 491 373 528 409
56 489 372 526 408
57 491 371 528 407
58 490 370 527 406
59 492 370 529 406
60 492 371 529 407
61 494 371 531 407
62 492 369 532 412
63 493 369 533 412
64 494 371 534 414
65 493 366 533 409
66 493 368 533 411
67 496 367 536 410
68 493 366 533 409
69 495 364 535 407
70 498 366 538 409
71 496 367 534 407
72 494 365 543 409
73 492 365 541 409
74 496 363 542 411
75 494 364 544 409
76 498 362 542 410
77 496 362 545 413
78 501 367 544 410
79 499 365 549 410
80 500 365 550 410
81 498 366 548 411
82 501 366 551 411
83 501 364 551 409
84 504 366 554 411
85 502 365 552 410
86 501 363 558 415
87 502 362 559 414
88 504 363 557 412
89 504 362 557 411
90 505 365 558 414
91 506 364 559 413
92 509 363 562 412
93 507 366 560 415
94 510 361 563 410
95 509 367 562 416
96 507 358 567 414
97 508 356 568 412
98 506 354 573 419
99 512 357 571 419
100 514 362 573 424
101 512 359 571 421
102 516 360 575 422
103 517 362 576 424
104 515 359 574 421
105 519 359 578 421
106 518 362 577 424
107 518 360 577 422
108 516 358 582 426
109 516 364 582 432
110 516 360 582 428
111 514 363 580 431
112 512 361 586 428
113 512 364 586 431
114 513 361 587 428
115 515 359 583 436
116 513 357 585 434
117 513 359 585 436
118 512 358 584 435
119 511 362 583 439
120 511 360 583 437
121 505 360 584 443
122 506 362 585 445
123 504 361 583 444
124 502 363 581 446
125 500 361 582 443
126 498 367 580 449
127 495 362 577 444
128 493 360 581 445
129 489 361 577 446
130 487 363 575 448
131 485 361 574 451
132 478 359 573 452
133 476 358 571 451
134 474 357 569 450
135 472 355 567 448
136 470 360 565 453
137 468 353 563 451
138 466 351 562 452
139 463 354 559 455
140 461 352 560 455
141 459 350 568 459
142 457 348 570 462
143 461 351 574 465
144 457 349 570 463
145 450 351 563 465
146 450 349 563 463
147 453 349 566 463
148 442 349 555 463
149 441 347 554 461
150 442 351 555 465
151 432 352 545 466
152 431 357 544 471
153 431 350 544 464
154 427 353 541 448
155 425 351 530 434
156 423 349 510 425
157 426 357 513 433
158 420 355 507 431
159 414 353 501 429
160 403 357 490 433
161 399 364 479 436
162 392 365 472 437
163 391 370 471 442
164 387 373 467 445
165 376 385 456 457
166 370 394 450 466
167 368 403 448 475
168 374 431 434 472
169 374 432 434 473
170 373 430 433 471
171 369 427 429 468
172 372 426 432 467
173 373 426 433 467
174 374 427 434 468
175 375 427 435 468
176 374 425 434 466
