94 -1 -1 -1 -1
0 520 441 578 495
1 530 429 587 481
2 540 418 597 470
3 550 410 602 458
4 558 403 610 451
5 570 397 622 445
6 576 386 628 434
7 581 377 633 425
8 589 366 641 414
9 604 359 649 405
10 610 351 655 397
11 618 340 663 386
12 624 335 669 381
13 631 328 676 374
14 640 325 685 371
15 646 312 691 358
16 653 306 698 352
17 660 299 705 345
18 667 295 711 339
19 672 288 716 332
20 681 278 725 322
21 685 273 729 317
22 692 266 736 310
23 697 259 741 303
24 702 255 746 299
25 712 250 756 294
26 712 243 756 287
27 720 241 760 281
28 728 234 768 274
29 732 228 772 268
30 736 223 776 263
31 741 217 781 257
32 747 213 787 253
33 750 207 790 247
34 753 202 793 242
35 760 197 797 238
36 766 192 803 233
37 769 187 806 228
38 775 182 812 223
39 780 178 817 219
40 782 174 819 215
41 788 168 825 209
42 794 166 827 201
43 795 163 828 198
44 796 157 829 192
45 804 153 837 188
46 805 149 838 184
47 812 143 845 178
48 814 141 847 176
49 817 136 850 171
50 822 133 855 168
51 823 130 856 165
52 825 127 858 162
53 834 123 867 158
54 832 120 865 155
55 837 116 870 150
56 839 113 872 147
57 842 111 875 145
58 847 107 880 141
59 849 102 882 136
60 847 101 880 135
61 848 99 881 133
62 851 94 884 128
63 851 91 884 125
64 853 87 886 121
65 855 87 888 121
66 861 85 894 119
67 857 81 890 115
68 858 79 891 113
69 860 77 893 111
70 859 73 892 107
71 858 73 891 107
72 859 73 892 107
73 852 71 885 105
74 849 74 882 108
