212 -1 -1 -1 -1
0 316 439 354 477
1 318 437 356 475
2 323 434 361 472
3 321 435 359 473
4 328 431 366 469
5 333 429 371 467
6 332 431 370 469
7 333 433 371 471
8 336 435 374 473
9 334 433 376 477
10 339 437 381 477
11 342 436 384 476
12 339 434 381 474
13 341 432 383 472
14 345 437 387 477
15 344 437 386 477
16 345 433 387 473
17 345 433 387 473
18 348 433 390 473
19 348 430 390 470
20 349 430 391 470
21 348 430 390 470
22 350 430 392 470
23 351 432 392 471
24 353 433 394 472
25 354 431 395 470
26 354 434 395 473
27 355 433 396 472
28 354 433 395 472
29 357 431 398 470
30 360 434 401 473
31 357 431 398 470
32 358 433 399 472
33 360 433 401 472
34 362 431 403 470
35 363 430 404 469
36 364 432 405 471
37 365 435 406 474
38 367 434 408 473
39 367 432 408 471
40 368 433 409 472
41 370 434 411 473
42 374 432 415 471
43 374 435 415 474
44 377 434 418 473
45 378 433 419 472
46 380 434 421 473
47 382 434 423 473
48 387 431 428 470
49 385 429 430 474
50 385 427 430 472
51 386 430 431 475
52 390 427 435 472
53 393 428 438 473
54 396 426 441 471
55 396 424 441 469
56 398 427 443 472
57 400 424 445 469
58 403 422 448 467
59 405 424 450 469
60 405 419 456 470
61 406 419 457 470
62 410 417 461 468
63 409 416 460 467
64 413 416 464 467
65 419 415 470 466
66 417 409 468 460
67 419 409 470 460
68 421 412 472 463
69 427 411 478 462
70 425 408 476 459
71 429 408 480 459
72 430 406 481 457
73 428 404 490 463
74 432 403 494 462
75 435 401 497 460
76 436 399 498 458
77 437 398 499 457
78 442 397 504 456
79 443 396 505 455
80 446 396 508 455
81 447 396 509 455
82 448 393 515 455
83 448 391 515 453
84 454 391 521 453
85 457 391 524 453
86 459 387 526 449
87 466 389 533 451
88 463 387 530 449
89 470 385 537 447
90 473 386 540 448
91 478 382 545 444
92 476 380 552 453
93 475 378 551 451
94 478 375 554 448
95 483 377 559 450
96 488 372 564 445
97 490 375 566 448
98 490 375 566 448
99 493 375 569 448
100 499 374 575 447
101 501 372 577 445
102 504 374 587 452
103 502 366 585 444
104 503 365 592 456
105 508 363 590 457
106 506 368 599 456
107 510 366 603 454
108 510 370 603 458
109 512 366 605 454
110 515 367 608 455
111 515 369 608 457
112 519 369 612 457
113 521 371 614 459
114 521 368 619 456
115 520 363 621 462
116 523 360 624 459
117 522 363 623 462
118 523 365 624 464
119 524 368 625 467
120 525 365 629 462
121 522 362 631 467
122 519 363 628 468
123 520 362 629 467
124 521 360 630 465
125 515 356 631 473
126 515 353 631 470
127 512 353 628 470
128 510 346 630 467
129 507 351 627 472
130 508 349 628 470
131 500 347 626 468
132 498 348 624 469
133 493 347 619 468
134 501 348 627 469
135 506 347 630 467
136 514 347 638 467
137 515 350 639 470
138 509 350 633 470
139 507 348 644 473
140 507 346 644 471
141 505 344 654 468
142 531 343 659 463
143 535 341 663 461
144 545 345 673 465
145 555 336 683 456
146 562 333 690 453
147 568 332 690 439
148 576 331 698 438
149 583 325 705 432
150 588 323 710 430
151 615 327 698 415
