100 -1 -1 -1 -1
0 496 458 553 508
1 498 471 558 529
2 503 478 563 536
3 507 488 567 546
4 515 491 575 549
5 520 493 580 551
6 525 491 578 545
7 532 479 585 533
8 536 473 594 528
9 534 462 592 517
10 545 457 603 512
11 543 448 601 503
12 546 444 604 499
13 550 438 608 493
14 555 431 613 486
15 561 425 619 480
16 564 419 625 471
17 564 416 625 468
18 569 409 630 461
19 571 402 632 454
20 572 393 633 445
21 582 388 636 439
22 584 382 638 433
23 587 376 641 427
24 593 368 647 419
25 597 367 651 418
26 599 358 653 409
27 601 357 655 408
28 604 351 658 402
29 609 349 663 400
30 611 343 665 394
31 615 341 669 392
32 616 335 670 386
33 621 332 675 383
34 625 331 679 382
35 626 330 680 381
36 626 328 680 379
37 629 325 683 376
38 634 323 688 374
39 632 319 686 370
40 634 317 688 368
41 632 315 692 370
42 631 311 691 366
43 633 309 693 364
44 635 307 691 359
45 636 304 692 356
46 638 300 694 352
47 640 296 696 348
48 642 295 698 347
49 640 294 696 346
50 639 293 695 345
51 637 289 693 341
52 639 285 695 337
53 641 284 697 336
54 635 282 691 334
55 636 282 692 334
56 634 278 690 330
57 632 276 692 334
58 625 274 690 332
59 622 270 687 328
60 613 273 678 331
61 609 271 674 329
62 600 269 660 330
63 593 267 653 328
64 581 268 642 326
65 571 267 632 325
66 561 268 622 326
67 546 268 607 326
68 538 269 599 327
69 528 269 590 329
70 516 268 578 328
71 502 268 564 328
72 488 269 550 329
73 482 269 544 329
74 476 273 538 333
75 470 274 532 334
76 465 278 527 338
77 463 281 525 341
78 464 282 526 342
79 470 282 532 342
80 468 283 530 343
81 475 286 537 346
82 483 295 545 355
