135 -1 -1 -1 -1
0 219 459 274 509
1 227 457 282 507
2 239 455 294 505
3 250 443 304 493
4 263 434 317 484
5 267 429 321 479
6 278 421 332 471
7 287 412 341 462
8 296 407 350 457
9 304 399 358 449
10 311 393 365 443
11 320 388 374 438
12 326 384 380 434
13 332 380 386 430
14 337 374 391 424
15 347 369 399 418
16 352 365 404 414
17 360 358 412 407
18 365 356 417 405
19 371 352 423 401
20 379 345 431 394
21 384 342 436 391
22 391 340 443 389
23 397 338 449 387
24 405 336 457 385
25 408 334 460 383
26 414 334 466 383
27 419 333 471 382
28 427 333 479 382
29 431 334 483 383
30 433 334 485 383
31 438 339 490 388
32 442 338 494 387
33 445 341 497 390
34 447 343 499 392
35 445 341 506 398
36 450 342 511 396
37 451 345 512 399
38 458 346 519 400
39 461 344 524 405
40 464 345 527 406
41 467 343 530 404
42 475 342 538 403
43 478 341 541 402
44 486 339 549 400
45 496 338 559 399
46 502 336 565 397
47 501 331 576 400
48 509 329 584 398
49 514 329 589 398
50 519 327 594 396
51 527 325 602 394
52 530 323 605 392
53 533 320 615 399
54 536 318 618 397
55 538 316 620 395
56 540 316 622 395
57 541 311 630 397
58 539 309 628 395
59 541 306 635 400
60 542 302 636 396
61 533 300 634 395
62 533 297 634 392
63 532 295 633 390
64 529 284 636 389
65 526 284 633 389
66 519 282 631 391
67 509 274 630 391
68 507 269 628 386
69 508 268 629 385
70 512 266 633 383
71 515 264 636 381
72 515 257 636 374
73 548 270 631 346
74 550 281 633 357
