139 -1 -1 -1 -1
0 395 256 450 306
1 391 291 446 341
2 395 319 450 369
3 398 341 453 391
4 402 360 457 410
5 407 369 462 419
6 412 377 467 427
7 419 374 477 432
8 418 373 476 431
9 430 366 488 424
10 436 360 494 418
11 441 360 499 418
12 449 356 504 411
13 450 360 505 415
14 457 364 512 419
15 463 366 518 421
16 465 354 520 409
17 468 355 523 410
18 474 353 530 404
19 481 347 537 398
20 483 343 539 394
21 486 340 542 391
22 489 335 545 386
23 496 329 552 380
24 497 325 553 376
25 501 322 557 373
26 509 318 565 369
27 508 315 564 366
28 507 313 563 364
29 516 306 572 357
30 522 305 578 356
31 522 299 578 350
32 524 296 580 347
33 526 292 582 343
34 530 290 586 341
35 533 283 589 334
36 536 280 592 331
37 539 277 595 328
38 540 273 596 324
39 544 269 600 320
40 545 263 601 314
41 549 262 605 313
42 552 259 608 310
43 555 258 611 309
44 556 259 612 310
45 559 256 615 307
46 563 258 619 309
47 565 254 621 305
48 563 255 619 306
49 569 256 625 307
50 570 256 626 307
51 572 256 628 307
52 574 257 632 309
53 575 258 633 310
54 576 256 634 308
55 584 256 642 316
56 582 254 647 312
57 585 257 650 315
58 591 258 656 316
59 597 258 662 316
60 601 256 666 314
61 606 255 671 313
62 611 253 676 311
63 615 252 680 310
64 620 250 685 308
65 628 246 693 304
66 629 247 694 305
67 634 246 699 304
68 638 244 703 302
69 647 247 712 305
70 651 247 716 305
71 654 246 719 304
72 658 245 727 311
73 660 247 729 313
74 660 247 729 313
75 655 250 724 316
76 662 252 731 318
77 658 254 727 320
78 656 255 725 321
79 654 255 723 321
80 648 256 717 322
81 639 256 708 322
82 634 252 709 327
83 631 250 706 325
84 625 248 700 323
85 617 250 692 325
86 607 248 694 324
87 603 253 690 329
88 593 251 680 327
89 588 247 675 323
90 586 252 673 328
91 580 250 667 326
92 578 254 665 330
93 568 249 660 334
94 556 250 648 335
95 543 247 635 332
96 525 252 617 337
97 497 263 589 348
98 483 265 575 350
99 471 262 563 347
100 460 270 552 355
101 456 276 523 358
102 451 286 518 368
103 449 300 482 367
