276 -1 -1 -1 -1
0 357 214 416 274
1 354 213 413 273
2 355 211 414 271
3 358 208 417 268
4 359 206 418 266
5 357 211 416 271
6 356 214 415 274
7 358 220 417 280
8 356 225 415 285
9 353 232 412 292
10 353 239 412 299
11 351 252 410 312
12 350 262 409 322
13 347 274 406 334
14 343 297 403 349
15 341 311 401 363
16 338 337 398 389
17 327 371 387 423
18 320 395 380 447
19 321 408 381 460
20 325 425 385 477
21 337 440 397 492
22 335 451 395 503
23 341 472 401 524
24 341 491 401 543
25 347 494 407 546
26 350 499 410 551
27 348 509 408 561
28 363 522 418 564
29 366 520 421 562
30 373 523 428 565
31 376 512 431 554
32 382 513 437 555
33 383 505 438 547
34 390 499 445 541
35 397 493 452 539
36 400 488 455 534
37 404 484 459 530
38 409 479 464 525
39 414 478 464 526
40 416 478 466 526
41 418 470 468 518
42 421 467 471 515
43 425 461 475 509
44 432 459 482 507
45 430 456 480 504
46 431 451 481 499
47 435 445 485 493
48 440 443 490 491
49 439 441 489 489
50 445 435 495 483
51 443 436 493 484
52 447 431 497 479
53 451 424 501 472
54 450 419 500 467
55 455 421 505 469
56 452 423 502 471
57 454 417 504 465
58 458 414 508 462
59 462 412 512 460
60 461 411 511 459
61 463 408 513 456
62 466 403 516 451
63 469 401 519 449
64 468 403 518 451
65 469 398 519 446
66 468 403 518 451
67 471 397 521 445
68 471 395 521 443
69 472 391 522 439
70 472 391 522 439
71 475 389 525 437
72 475 391 525 439
73 477 391 527 439
74 482 388 532 436
75 480 390 530 438
76 478 391 528 439
77 481 388 531 436
78 479 386 529 434
79 483 388 533 436
80 482 389 532 437
81 481 389 531 437
82 485 387 535 435
83 485 390 535 438
84 484 388 534 436
85 485 389 535 437
86 487 390 537 438
87 488 390 538 438
88 486 392 536 440
89 488 390 538 438
90 488 393 538 441
91 492 390 542 438
92 490 392 540 440
93 490 392 540 440
94 487 393 537 441
95 492 393 542 441
96 490 392 540 440
97 491 394 541 442
98 494 397 544 445
99 492 394 542 442
100 494 399 544 447
101 495 396 545 444
102 495 396 545 444
103 494 395 550 448
104 492 397 548 450
105 494 396 550 449
106 496 398 552 451
107 498 399 554 452
108 498 398 554 451
109 498 400 554 453
110 498 398 554 451
111 500 399 556 452
112 500 401 556 454
113 504 399 560 452
114 502 399 558 452
115 505 400 561 453
116 505 402 561 455
117 508 402 564 455
118 506 399 562 452
119 510 397 566 450
120 511 400 567 453
121 511 399 567 452
122 516 400 572 453
123 510 399 566 452
124 516 400 572 453
125 516 400 572 453
126 517 398 573 451
127 520 396 576 449
128 519 398 575 451
129 525 395 581 448
130 520 394 576 447
131 524 395 580 448
132 527 393 583 446
133 525 391 586 452
134 524 389 585 450
135 521 384 582 445
136 527 387 588 448
137 530 388 591 449
138 528 386 592 446
139 526 384 592 448
140 528 386 594 450
141 526 378 596 448
142 527 379 597 449
143 529 377 599 447
144 528 378 598 448
145 527 376 597 446
146 528 374 598 444
147 521 374 591 444
148 526 372 599 445
149 526 370 599 443
150 524 371 597 444
151 526 370 599 443
152 524 370 597 443
153 520 368 593 441
154 523 366 600 436
155 521 364 600 440
156 522 366 601 442
157 519 359 598 435
158 520 358 599 434
159 518 360 597 436
160 518 360 597 436
161 516 359 595 435
162 514 356 593 432
163 508 353 587 429
164 512 354 591 430
165 517 352 596 428
166 506 350 594 429
167 508 350 596 429
168 510 348 598 427
169 514 346 602 425
170 513 345 606 434
171 508 342 601 431
172 509 337 602 426
173 508 339 601 428
174 510 338 603 427
175 512 338 605 427
176 519 338 612 427
177 520 336 613 425
178 516 335 609 424
179 521 330 614 419
180 526 337 619 426
181 513 328 606 417
182 517 329 610 418
183 506 319 599 408
184 508 322 601 411
185 503 325 596 414
186 482 323 575 412
187 502 329 599 420
188 496 328 603 424
189 494 325 601 421
190 486 320 593 416
191 486 325 593 421
192 491 329 598 425
193 490 335 597 431
194 488 365 595 429
195 486 383 592 427
196 489 385 595 429
197 492 383 593 426
