249 -1 -1 -1 -1
0 526 441 562 481
1 528 438 564 478
2 531 432 567 472
3 535 430 571 470
4 537 426 573 466
5 538 422 574 462
6 541 421 577 461
7 544 418 580 458
8 545 413 581 453
9 544 411 586 452
10 545 408 587 449
11 545 407 587 448
12 551 403 593 444
13 550 402 592 443
14 551 399 593 440
15 551 403 593 444
16 548 398 590 439
17 553 397 595 438
18 551 394 593 435
19 553 394 595 435
20 554 392 596 433
21 556 390 598 431
22 560 390 593 432
23 562 386 595 428
24 560 387 597 426
25 561 386 598 425
26 564 384 601 423
27 563 384 600 423
28 561 385 598 424
29 562 385 599 424
30 563 380 600 419
31 563 381 600 420
32 561 381 598 420
33 560 379 597 418
34 559 377 596 416
35 559 379 596 418
36 560 376 597 415
37 560 374 597 413
38 559 375 596 414
39 557 374 594 413
40 559 377 596 416
41 557 380 594 419
42 555 374 592 413
43 557 375 587 411
44 555 373 592 414
45 552 374 589 415
46 550 374 588 413
47 552 374 590 413
48 552 372 590 411
49 551 375 589 414
50 547 371 585 410
51 549 375 587 414
52 546 376 584 415
53 548 373 586 412
54 548 376 586 415
55 542 378 580 417
56 546 378 584 417
57 543 377 581 416
58 543 381 581 420
59 544 379 582 418
60 543 381 581 420
61 540 383 578 422
62 542 381 580 420
63 540 381 579 418
64 533 383 572 420
65 538 384 577 421
66 535 388 574 425
67 534 387 573 424
68 528 383 567 420
69 530 385 569 422
70 532 385 571 422
71 533 386 572 423
72 526 387 565 424
73 529 385 568 422
74 527 387 566 424
75 524 387 563 424
76 528 387 567 424
77 525 387 564 424
78 522 388 561 425
79 524 387 563 424
80 522 387 561 424
81 526 385 565 422
82 523 383 562 420
83 522 386 561 423
84 520 384 559 421
85 512 382 551 419
86 515 383 554 420
87 519 381 558 418
88 514 379 553 416
89 510 377 549 414
90 508 376 547 413
91 505 378 544 415
92 504 376 543 413
93 507 374 546 411
94 504 374 543 411
95 503 371 542 408
96 501 373 540 410
97 497 371 536 408
98 498 368 537 405
99 490 367 529 404
100 491 365 530 402
101 488 365 527 402
102 487 360 526 397
103 485 361 524 398
104 482 360 521 397
105 480 359 519 396
106 476 360 515 397
107 475 352 518 396
108 464 352 507 396
109 469 348 512 392
110 471 347 514 391
111 468 345 511 389
112 465 344 508 388
113 465 339 508 383
114 460 343 503 387
115 453 337 496 381
116 454 338 497 382
117 448 332 491 376
118 455 338 498 382
119 454 334 497 378
120 446 332 489 376
121 448 333 491 377
122 449 337 492 381
123 445 335 488 379
124 448 334 491 378
125 452 333 495 377
126 453 336 496 380
127 453 337 496 381
128 457 335 500 379
129 454 332 497 376
130 456 333 499 377
131 461 332 504 376
132 464 336 507 380
133 472 331 515 375
134 478 333 521 377
135 480 331 523 375
136 483 329 526 373
137 490 327 533 371
