245 -1 -1 -1 -1
0 516 449 565 503
1 519 445 568 499
2 521 440 580 496
3 523 440 582 493
4 527 439 586 492
5 534 430 591 485
6 539 424 596 479
7 542 427 599 482
8 547 423 600 476
9 552 422 605 475
10 553 423 606 476
11 555 412 608 465
12 559 410 612 463
13 561 405 614 458
14 564 396 617 449
15 566 395 619 448
16 569 394 622 447
17 571 388 624 441
18 570 382 623 435
19 576 382 629 435
20 576 374 629 427
21 575 372 628 425
22 582 369 635 422
23 575 367 628 420
24 579 363 632 416
25 577 361 638 413
26 575 354 636 406
27 573 356 634 408
28 575 354 636 406
29 577 351 638 403
30 577 351 638 403
31 578 347 639 399
32 574 346 635 398
33 573 344 634 396
34 574 343 635 395
35 572 341 633 393
36 572 341 633 393
37 571 336 632 388
38 568 338 629 390
39 565 330 626 382
40 567 332 628 384
41 562 331 623 383
42 562 330 623 382
43 554 329 615 381
44 554 328 615 380
45 556 325 617 377
46 554 326 615 378
47 548 324 609 376
48 547 324 608 376
49 546 321 607 373
50 539 320 600 372
51 539 322 600 374
52 535 319 596 371
53 535 317 596 369
54 532 317 592 372
55 528 312 588 367
56 526 317 586 372
57 525 315 585 370
58 519 313 579 368
59 519 313 579 368
60 517 316 577 371
61 508 313 568 368
62 509 311 569 366
63 507 309 567 370
64 505 313 565 374
65 500 311 560 372
66 495 310 555 371
67 493 310 553 371
68 492 311 552 372
69 488 309 548 370
70 487 313 547 374
71 482 311 542 372
72 479 315 539 376
73 476 318 536 379
74 474 316 538 381
75 472 316 536 381
76 467 319 531 384
77 469 316 533 381
78 467 319 531 384
79 462 321 526 386
80 460 319 526 390
81 462 319 528 390
82 462 321 528 392
83 460 320 526 391
84 461 324 527 395
85 459 322 530 395
86 458 325 529 398
87 462 325 533 398
88 460 324 531 397
89 461 329 532 402
90 462 334 533 407
91 468 332 539 405
92 465 341 536 414
93 469 345 544 412
94 471 349 546 416
95 473 349 548 416
96 472 355 547 422
97 477 358 552 425
98 481 362 556 429
99 483 367 558 434
100 481 365 559 441
101 482 360 560 436
102 480 371 559 445
103 483 372 562 446
104 488 371 567 445
105 491 374 570 448
106 490 379 569 453
107 497 377 576 451
108 499 377 578 451
109 499 379 578 453
110 494 380 573 454
111 498 378 580 458
112 499 377 581 457
113 495 377 577 457
114 493 374 575 454
115 493 376 582 459
116 497 372 586 455
117 496 373 585 456
118 493 370 582 453
119 487 365 576 448
120 490 367 579 450
121 494 365 583 448
122 484 363 573 446
123 486 365 575 448
124 481 359 570 442
125 477 356 566 439
126 476 354 565 437
127 469 345 558 428
128 463 345 552 428
129 460 341 549 424
130 452 338 541 421
131 447 334 536 417
132 444 330 533 413
133 439 327 528 410
134 436 324 525 407
135 429 323 518 406
136 427 319 516 402
137 431 317 520 400
138 429 325 518 408
139 434 313 528 405
140 427 314 521 406
141 432 312 526 404
142 430 308 524 400
143 422 302 516 394
144 432 302 528 396
145 432 299 528 393
146 434 297 530 391
147 440 296 536 390
148 443 295 539 389
149 452 293 537 380
150 459 295 544 382
151 469 299 554 386
152 467 289 552 376
153 469 297 554 384
154 478 299 563 386
155 479 295 564 382
156 484 293 569 380
157 501 294 562 360
158 502 317 560 364
159 507 319 565 366
160 509 322 567 369
161 510 334 568 381
162 510 346 568 393
163 513 348 571 395
164 521 355 579 402
165 519 364 577 411
166 534 362 575 401
167 536 365 577 404
168 530 355 571 394
