262 -1 -1 -1 -1
0 317 410 366 464
1 309 411 358 465
2 304 411 353 465
3 308 410 357 464
4 306 409 355 463
5 307 412 356 466
6 306 398 356 443
7 307 397 357 442
8 306 394 356 439
9 305 385 355 430
10 303 373 353 418
11 303 363 353 408
12 301 363 351 408
13 292 357 342 402
14 293 347 343 392
15 290 343 340 388
16 280 339 330 384
17 279 341 329 386
18 273 337 323 382
19 276 328 326 373
20 283 312 333 357
21 282 311 332 356
22 278 316 328 361
23 281 315 331 360
24 278 306 328 351
25 276 307 326 352
26 272 307 322 352
27 282 304 332 349
28 280 311 330 356
29 280 312 330 357
30 278 327 328 372
31 276 334 326 379
32 272 359 322 404
33 260 388 310 433
34 258 402 308 447
35 259 412 309 457
36 260 419 310 464
37 268 438 318 483
38 277 450 327 495
39 280 454 330 499
40 286 465 336 510
41 296 473 346 518
42 298 472 348 517
43 307 475 357 520
44 309 474 359 519
45 312 474 362 519
46 321 477 371 522
47 331 474 381 519
48 331 472 381 517
49 343 471 393 516
50 345 469 395 514
51 347 463 397 508
52 353 457 403 502
53 358 454 408 499
54 358 449 408 494
55 366 447 416 492
56 368 443 418 488
57 373 438 423 483
58 378 431 424 477
59 378 429 424 475
60 381 427 427 473
61 382 424 428 470
62 382 419 428 465
63 390 415 436 461
64 393 411 439 457
65 394 409 440 455
66 396 408 442 454
67 397 406 443 452
68 401 403 447 449
69 404 401 450 447
70 404 400 450 446
71 404 399 450 445
72 407 396 453 442
73 411 394 457 440
74 412 395 458 441
75 414 393 456 439
76 416 391 458 437
77 419 389 461 435
78 417 389 459 435
79 421 388 463 434
80 421 386 463 432
81 424 384 466 430
82 427 387 469 433
83 425 389 468 431
84 427 388 470 430
85 428 386 471 428
86 429 390 472 432
87 432 389 475 431
88 433 387 476 429
89 434 385 477 427
90 437 386 480 428
91 439 385 482 427
92 441 388 484 430
93 442 388 485 430
94 438 386 481 428
95 446 387 489 429
96 449 385 492 427
97 450 383 493 425
98 445 386 488 428
99 457 385 500 427
100 455 383 498 425
101 456 384 499 426
102 458 382 501 424
103 456 380 502 420
104 465 383 511 423
105 463 383 509 423
106 468 377 520 428
107 468 377 520 428
108 465 373 517 424
109 471 374 523 425
110 472 372 524 423
111 467 370 519 421
112 478 373 530 424
113 481 371 533 422
114 476 368 528 419
115 475 370 527 421
116 469 369 521 420
117 481 367 533 418
118 478 365 530 416
119 483 368 535 419
120 487 370 539 421
121 486 368 538 419
122 490 367 542 418
123 492 367 544 418
124 496 365 548 416
125 496 366 548 417
126 491 371 543 422
127 491 364 543 415
128 500 365 552 416
129 493 366 545 417
130 498 363 550 414
131 501 363 553 414
132 504 364 556 415
133 504 362 556 413
134 501 359 561 419
135 504 359 564 419
136 504 359 564 419
137 502 357 562 417
138 502 355 562 415
139 506 353 566 413
140 506 351 566 411
141 510 355 570 415
142 512 355 572 415
143 510 351 570 411
144 513 353 573 413
145 512 351 572 411
146 515 352 575 412
147 511 350 571 410
148 514 353 574 413
149 516 351 588 412
150 505 346 577 407
151 514 348 586 409
152 519 346 591 407
153 516 346 588 407
154 517 347 589 408
155 515 343 591 415
156 517 341 593 413
157 520 339 596 411
158 517 338 593 410
159 515 339 591 411
160 518 337 594 409
161 518 334 594 406
162 521 332 597 404
163 514 334 590 406
164 514 334 590 406
165 514 332 590 404
166 503 328 579 400
167 517 329 593 401
168 512 328 588 400
169 513 324 589 396
170 513 330 589 402
171 510 322 586 394
172 510 325 586 397
173 505 321 584 396
174 489 318 568 393
175 498 315 577 390
176 500 320 579 395
177 499 313 578 388
178 502 310 590 392
179 503 311 591 393
180 502 309 590 391
181 503 307 591 389
182 501 305 589 387
183 506 309 594 391
184 509 309 597 391
185 504 304 592 386
186 518 303 606 385
187 518 304 606 386
188 522 305 610 387
189 523 303 611 385
190 526 306 614 388
191 531 304 619 386
192 544 302 617 370
193 538 302 611 370
194 566 304 614 366
195 563 310 611 372
196 561 314 628 370
