290 -1 -1 -1 -1
0 205 133 268 192
1 207 132 270 191
2 204 138 267 197
3 205 137 268 196
4 205 133 268 192
5 211 155 274 214
6 209 148 272 207
7 214 178 277 237
8 217 183 280 242
9 217 200 280 259
10 211 203 274 262
11 210 217 273 276
12 213 239 276 298
13 210 248 273 307
14 208 278 271 337
15 206 299 269 358
16 202 328 265 387
17 203 348 266 407
18 206 366 269 425
19 202 398 265 457
20 201 403 264 462
21 206 412 269 471
22 207 417 270 476
23 208 424 271 483
24 218 454 281 513
25 223 466 286 525
26 232 477 295 536
27 244 492 307 551
28 251 493 314 552
29 251 501 314 560
30 273 498 336 557
31 290 514 353 573
32 296 507 359 566
33 300 495 363 554
34 317 489 373 540
35 327 483 383 534
36 334 482 390 533
37 340 480 396 531
38 346 477 402 528
39 353 473 409 524
40 357 473 413 524
41 363 468 419 519
42 370 460 426 511
43 374 463 430 514
44 384 456 440 507
45 384 454 440 505
46 387 452 443 503
47 392 449 448 500
48 399 443 455 494
49 405 441 461 492
50 407 437 463 488
51 410 434 466 485
52 412 427 468 478
53 418 430 474 481
54 425 427 481 478
55 423 424 479 475
56 423 422 479 473
57 428 421 484 472
58 432 416 488 467
59 436 413 492 464
60 439 411 495 462
61 441 408 490 459
62 445 407 494 458
63 447 404 496 455
64 447 406 496 457
65 446 403 495 454
66 452 401 501 452
67 451 398 500 449
68 452 399 501 450
69 454 397 503 448
70 457 396 506 447
71 459 394 508 445
72 443 388 492 439
73 456 389 505 440
74 463 397 514 445
75 465 394 516 442
76 459 392 510 440
77 464 393 515 441
78 466 392 517 440
79 465 393 516 441
80 469 392 520 440
81 467 390 518 438
82 468 396 519 444
83 472 388 523 436
84 470 394 521 442
85 473 390 524 438
86 473 390 524 438
87 472 393 523 441
88 470 390 521 438
89 472 392 523 440
90 471 389 522 437
91 475 391 526 439
92 470 386 521 434
93 473 394 524 442
94 476 391 527 439
95 476 389 527 437
96 473 393 524 441
97 472 394 523 442
98 474 395 525 443
99 474 395 525 443
100 474 393 525 441
101 477 391 528 439
102 478 395 529 443
103 476 394 527 442
104 478 392 529 440
105 476 396 534 451
106 476 394 534 449
107 479 392 537 447
108 476 396 534 451
109 478 394 536 449
110 473 393 531 448
111 477 395 535 450
112 479 395 537 450
113 482 393 540 448
114 482 393 540 448
115 485 395 543 450
116 489 396 547 451
117 488 395 546 450
118 490 397 548 452
119 492 396 550 451
120 495 391 558 452
121 493 390 556 451
122 493 395 556 456
123 499 393 562 454
124 504 395 567 456
125 507 396 570 457
126 508 395 571 456
127 505 389 576 453
128 503 387 583 458
129 515 389 581 453
130 517 393 583 457
131 520 391 586 455
132 526 393 592 457
133 529 389 595 453
134 533 390 599 454
135 531 388 608 461
136 532 383 609 456
137 536 381 607 457
138 539 385 614 458
139 539 383 614 456
140 539 385 614 458
141 550 384 625 457
142 547 388 622 461
143 548 382 623 455
144 553 383 628 456
145 550 381 625 454
146 549 383 630 457
147 552 377 633 451
148 546 375 633 453
149 550 373 637 451
150 553 372 640 450
151 552 360 640 449
152 544 362 632 451
153 542 360 639 448
154 543 358 640 446
155 539 358 636 446
156 542 356 639 444
157 543 354 640 442
158 537 352 634 440
159 535 343 630 439
160 533 349 628 445
161 529 345 624 441
162 531 336 626 432
163 522 334 624 436
164 523 334 625 436
165 517 331 619 433
166 515 327 617 429
167 513 324 615 426
168 511 320 613 422
169 509 318 611 420
170 507 315 609 417
171 505 310 607 412
172 498 308 609 411
173 495 300 606 403
174 493 291 603 407
175 492 296 602 412
176 487 281 601 401
177 481 279 595 399
178 486 279 600 399
179 484 274 598 394
180 484 268 609 387
181 491 266 616 385
182 489 262 614 381
183 486 258 611 377
184 485 252 610 371
185 487 251 612 370
186 483 249 608 368
187 474 244 599 363
188 483 249 608 368
189 492 246 617 365
190 489 239 614 358
191 489 238 614 357
192 486 240 611 359
193 480 243 605 362
194 478 242 603 361
195 476 239 601 358
196 476 237 601 356
197 468 237 593 356
198 469 233 594 352
199 472 231 597 350
200 473 230 598 349
201 467 234 592 353
202 461 236 586 355
203 461 238 586 357
204 462 243 587 362
205 463 262 585 367
206 457 263 579 368
207 453 277 567 362
208 455 298 575 365
209 453 324 556 363
210 456 333 559 372
