216 -1 -1 -1 -1
1 467 414 508 463
2 465 430 507 476
3 460 435 508 483
4 463 447 509 492
5 476 457 511 501
6 457 463 510 524
7 455 472 514 526
8 452 475 519 532
9 476 473 521 519
10 479 473 524 528
11 483 472 516 515
12 485 470 517 512
13 488 468 529 512
14 491 463 535 512
15 494 462 537 510
16 497 460 539 506
17 501 459 542 505
18 502 457 544 501
19 504 455 546 500
20 505 453 548 498
21 508 452 550 496
22 510 451 551 494
23 512 449 553 492
24 514 446 555 490
25 515 445 556 488
26 516 444 557 487
27 518 444 559 486
28 519 443 559 485
29 520 442 560 484
30 520 440 561 483
31 521 438 561 482
32 522 437 563 480
33 523 436 563 479
34 523 435 564 478
35 523 439 565 477
36 521 431 566 476
37 506 430 572 474
38 526 430 567 469
39 526 429 567 472
40 527 427 567 471
41 527 428 568 470
42 527 427 568 470
43 527 426 568 466
44 527 425 569 466
45 528 425 569 466
46 528 424 569 466
47 528 423 569 465
48 528 423 569 464
49 529 423 569 463
50 528 422 569 463
51 528 421 569 463
52 528 421 568 464
53 528 421 569 464
54 527 421 569 463
55 527 420 569 463
56 527 419 568 462
57 526 419 568 462
58 526 419 568 462
59 526 419 568 462
60 526 418 568 461
61 525 418 567 461
62 524 416 567 460
63 524 416 567 459
64 523 415 566 459
65 522 415 565 459
66 522 414 564 459
67 521 414 563 458
68 521 415 562 458
69 520 415 562 458
70 520 414 562 458
71 520 414 561 457
72 519 414 561 458
73 516 414 561 459
74 518 414 561 460
75 518 415 562 462
76 517 414 562 466
77 517 415 562 467
78 517 416 562 468
79 517 417 562 469
80 517 418 562 470
81 519 415 562 461
82 520 416 563 460
83 521 416 564 461
84 521 416 565 461
85 522 416 566 461
86 523 417 566 461
87 524 417 567 461
88 525 417 568 461
89 526 417 569 461
90 526 417 570 461
91 527 417 570 461
92 528 417 571 461
93 528 416 571 461
94 529 415 573 460
95 529 414 574 459
96 530 413 575 458
97 531 413 576 458
98 532 413 577 458
99 533 413 578 458
100 534 413 579 458
101 535 413 580 458
102 536 413 581 458
103 537 413 582 458
104 538 413 583 458
105 539 413 584 458
106 540 413 585 458
107 541 413 586 458
108 541 403 587 453
109 542 403 587 452
110 543 404 588 452
111 544 404 588 452
112 543 403 589 453
113 543 404 590 453
114 543 404 590 454
115 542 404 590 454
116 544 405 592 455
117 546 406 594 456
118 545 406 593 456
119 545 407 593 457
120 545 408 593 458
121 545 406 594 458
122 545 407 594 458
123 546 406 593 458
124 545 406 593 459
125 544 408 594 460
126 544 408 593 462
127 544 407 593 460
128 543 407 592 460
129 544 406 592 461
130 543 406 593 460
131 541 406 591 461
132 538 406 589 461
133 535 405 586 461
134 538 406 589 461
135 537 406 590 459
136 536 405 589 459
137 536 406 587 460
138 535 405 587 459
139 534 405 587 459
140 533 404 586 457
141 532 402 584 455
142 531 401 582 456
143 529 398 583 456
144 533 341 581 455
145 530 333 582 454
146 537 339 581 454
147 524 386 579 451
148 521 380 577 450
149 521 378 576 448
150 519 365 574 446
151 517 364 575 444
152 517 361 574 443
153 517 360 574 442
154 519 361 575 441
155 522 356 577 439
156 524 357 579 438
157 525 358 581 437
158 526 365 581 436
159 526 332 583 436
160 530 337 588 434
161 554 322 624 413
162 563 323 617 416
163 571 339 611 442
164 544 347 612 424
165 543 325 586 435
166 517 336 584 412
167 514 311 558 424
168 532 333 576 417
169 541 336 577 417
170 539 311 618 419
171 536 322 598 469
172 510 329 596 417
173 507 350 592 418
174 505 353 586 436
175 543 367 590 413
176 554 351 620 419
177 578 351 636 408
178 596 342 657 405
179 615 337 676 397
180 649 298 687 417
181 649 299 688 415
182 649 298 687 414
183 647 296 686 413
184 646 290 685 411
185 645 287 684 410
186 644 288 683 410
187 642 290 682 410
188 641 297 681 408
189 640 302 681 407
190 639 302 681 408
191 636 307 680 408
192 634 310 679 408
193 633 313 678 411
194 632 317 677 408
195 631 319 676 406
196 625 327 676 406
197 627 334 676 405
198 624 336 676 405
199 621 340 676 405
200 618 346 675 404
201 615 351 675 404
202 611 355 674 405
203 606 360 674 405
204 576 363 674 405
205 604 369 674 405
206 602 374 672 404
207 602 379 667 406
208 604 379 729 408
209 604 388 658 438
210 603 393 659 438
211 604 393 657 442
212 601 396 658 442
213 601 395 655 445
214 597 397 655 444
215 596 395 651 446
216 591 396 650 444
